fold 1
Fold 1 Metrics:
Loss: 0.5081859230995178
Accuracy: 0.9166666865348816
Precision: 0.8571428656578064
Recall: 1.0
AUC: 0.9027777910232544


fold 2
Fold 2 Metrics:
Loss: 0.5564730167388916
Accuracy: 0.6666666865348816
Precision: 0.6000000238418579
Recall: 1.0
AUC: 0.8888888955116272


fold 3
Fold 3 Metrics:
Loss: 0.48553037643432617
Accuracy: 0.9166666865348816
Precision: 0.8571428656578064
Recall: 1.0
AUC: 1.0


fold 4
Fold 4 Metrics:
Loss: 0.47377535700798035
Accuracy: 0.692307710647583
Precision: 0.6666666865348816
Recall: 0.8571428656578064
AUC: 0.8333333730697632


fold 5
Fold 5 Metrics:
Loss: 0.5241107940673828
Accuracy: 0.75
Precision: 0.6666666865348816
Recall: 1.0
AUC: 0.861111044883728


fold 6
Fold 6 Metrics:
Loss: 0.4225601851940155
Accuracy: 0.8333333134651184
Precision: 1.0
Recall: 0.6666666865348816
AUC: 1.0


fold 7
Fold 7 Metrics:
Loss: 0.40653154253959656
Accuracy: 0.9166666865348816
Precision: 0.8571428656578064
Recall: 1.0
AUC: 0.8888888955116272


fold 8
Fold 8 Metrics:
Loss: 0.3866594135761261
Accuracy: 1.0
Precision: 1.0
Recall: 1.0
AUC: 1.0


fold 9
Fold 9 Metrics:
Loss: 0.4747900068759918
Accuracy: 0.8333333134651184
Precision: 0.8333333134651184
Recall: 0.8333333134651184
AUC: 0.8333333134651184


fold 10
Fold 10 Metrics:
Loss: 0.263190895318985
Accuracy: 1.0
Precision: 1.0
Recall: 1.0
AUC: 1.0



Average History:
accuracy: [0.78421679 0.81631838 0.82460924 0.80998981 0.83374957 0.8154859
 0.80902991 0.83098879 0.80810397 0.81729529 0.81907917 0.83837921
 0.80537717 0.82003058 0.81083928 0.82364934 0.83383452 0.81639484
 0.81088175 0.82002209 0.82555217 0.81635236 0.81266565 0.83376658
 0.83190622 0.82276588 0.82099049 0.84939688 0.83383452 0.83841318
 0.8319232  0.82179748 0.81264017 0.83744478 0.80442576 0.86772851
 0.8438753  0.84023955 0.81269113 0.82832145 0.820982   0.85036528
 0.82372578 0.82369181 0.83105676 0.83841318 0.83837071 0.83653585
 0.84025654 0.83107374 0.85130818 0.83284913 0.847579   0.84208291
 0.82733605 0.83105674 0.82094801 0.85030581 0.83752124 0.82370879
 0.84661909 0.83013932 0.84019707 0.83746178 0.84395176 0.83741929
 0.82830446 0.84576963 0.82545022 0.83749576 0.84114849 0.83567788
 0.82830446 0.82187394 0.85865613 0.83012232 0.83478593 0.8135491
 0.84199798 0.81269113 0.82361534 0.83840469 0.82466871 0.82921338
 0.84115698 0.81452599 0.84850492 0.81636935 0.83468399 0.81911315
 0.83015631 0.834684   0.83930514 0.84207441 0.82920489 0.82643561
 0.84942237 0.83102276 0.82923887 0.8438668 ]
auc_1: [0.86119001 0.89627258 0.89211061 0.89119999 0.90328532 0.89381407
 0.89550318 0.9062034  0.89112919 0.90660899 0.9002307  0.91890727
 0.89882966 0.90695347 0.89554654 0.90861018 0.91633651 0.89929637
 0.89860582 0.90250002 0.91696907 0.91426301 0.89493985 0.9013356
 0.91660522 0.90252432 0.9060971  0.92827658 0.9094828  0.92269673
 0.909051   0.90493798 0.89174086 0.91705355 0.89237933 0.93249533
 0.92479736 0.92645282 0.90614632 0.91080245 0.90676299 0.91447624
 0.9113658  0.91456851 0.91562508 0.90657876 0.91133339 0.90250654
 0.92423339 0.9244332  0.93156409 0.9115454  0.92164921 0.9193924
 0.91304653 0.90793957 0.90702332 0.93023692 0.92646059 0.91496848
 0.9211024  0.92252526 0.91553249 0.91694882 0.92199402 0.91958348
 0.905607   0.92633435 0.91353974 0.91368561 0.9233087  0.92206169
 0.90732605 0.91064907 0.93680195 0.91290654 0.92346957 0.90377384
 0.91864446 0.903873   0.91460842 0.92201522 0.90813408 0.91383434
 0.93200492 0.90780148 0.92226929 0.90749502 0.92305649 0.91050692
 0.92199088 0.92426926 0.93123739 0.92641604 0.9172852  0.91467577
 0.92197408 0.912269   0.92737437 0.91756484]
loss: [0.4142666  0.38608054 0.39887878 0.40883825 0.39427752 0.39945988
 0.40617895 0.38791161 0.41566902 0.39450004 0.39934041 0.3810433
 0.40408843 0.38298557 0.40394711 0.39896841 0.37559529 0.39129038
 0.40598708 0.39744033 0.38791804 0.38671774 0.40485998 0.39517778
 0.37573135 0.39583254 0.38968908 0.36179101 0.378771   0.36677584
 0.38372158 0.38496987 0.40820396 0.37547646 0.41105316 0.3610046
 0.35726654 0.35456072 0.38659303 0.38681888 0.38473768 0.37599009
 0.37447437 0.36725425 0.37362224 0.37905075 0.38135597 0.39127696
 0.36853537 0.35437299 0.35917248 0.37895014 0.35203831 0.36720354
 0.37745063 0.38062396 0.37811034 0.35603649 0.36497787 0.37413591
 0.358924   0.36278559 0.38095748 0.36749634 0.36566028 0.35688286
 0.38041534 0.36579902 0.36858534 0.37487254 0.35495721 0.36012713
 0.3812454  0.37834795 0.34107006 0.37017234 0.36128813 0.38949157
 0.36373804 0.39598152 0.37291147 0.35226225 0.37938827 0.37491656
 0.35544495 0.37890216 0.35647209 0.38003628 0.36307507 0.37655563
 0.36232971 0.3624682  0.3566727  0.34759042 0.37565351 0.36889702
 0.36093094 0.37986374 0.35470019 0.36146666]
precision_1: [0.77105803 0.79094577 0.80639924 0.79094308 0.81280833 0.78953396
 0.78876352 0.81082086 0.79927768 0.79771011 0.80272498 0.81639599
 0.78829709 0.80347264 0.79667822 0.79987978 0.81668097 0.79821243
 0.78463936 0.80076531 0.80196877 0.8047914  0.78993193 0.81348783
 0.80218281 0.79701647 0.81169512 0.8279013  0.81479372 0.81315854
 0.81133071 0.80563065 0.79912205 0.8248607  0.79183658 0.84910719
 0.8198397  0.82066171 0.80321411 0.81230834 0.80105453 0.83523092
 0.81865996 0.80275899 0.81433271 0.82035985 0.8224336  0.81546903
 0.81952286 0.81307843 0.82454423 0.8136722  0.83123126 0.82519862
 0.81076005 0.82108772 0.81183595 0.82651576 0.81818208 0.81562777
 0.8329518  0.80464702 0.82088477 0.82098343 0.82488924 0.81701908
 0.81006246 0.82290543 0.80976956 0.82608544 0.81750732 0.8169128
 0.8144215  0.80408346 0.84393503 0.81260637 0.82435559 0.80502075
 0.82823817 0.79664865 0.80747918 0.82188162 0.81412527 0.81762155
 0.82318823 0.80214036 0.82855599 0.79477351 0.81854592 0.80416993
 0.81508241 0.82277679 0.82064701 0.82894382 0.8085009  0.81753346
 0.82327011 0.81605154 0.81490769 0.83095928]
recall_1: [0.81787878 0.87430977 0.86882154 0.85619529 0.8779798  0.8709091
 0.85437711 0.87434344 0.83983164 0.86340067 0.85784513 0.88700337
 0.85070707 0.85801347 0.84707071 0.87242424 0.87441078 0.8580808
 0.86720539 0.86336701 0.87259259 0.84878788 0.86521885 0.87794613
 0.88882155 0.87427609 0.84892256 0.89077441 0.87265993 0.89077441
 0.87784512 0.85962964 0.84326599 0.86885522 0.83430977 0.90161617
 0.89063975 0.87979798 0.84154883 0.86350168 0.86710437 0.88171716
 0.84892256 0.87070707 0.87070707 0.87437711 0.87430977 0.87979798
 0.87983166 0.86717172 0.90171717 0.87249159 0.88346802 0.87255892
 0.86521886 0.85609429 0.84700338 0.89252525 0.87451179 0.8469697
 0.87794613 0.88164984 0.87616162 0.87252524 0.87986532 0.87787879
 0.8670707  0.88713804 0.86141415 0.86356902 0.88707072 0.8725926
 0.86164982 0.86161616 0.88723906 0.86340069 0.86168351 0.84151515
 0.87228957 0.85063973 0.85962963 0.86895623 0.85084175 0.85612795
 0.87434343 0.85074074 0.88710438 0.85979798 0.86700337 0.85430977
 0.86346801 0.86340067 0.87616161 0.87070707 0.87252526 0.84878787
 0.89616162 0.863367   0.86164983 0.87430976]

Average Metrics:
Loss: 0.4501807510852814
Accuracy: 0.8525641083717346
Precision: 0.8338095307350158
Recall: 0.9357142865657806
AUC: 0.9208333313465118
